3813.84
3813.84
3813.84
3813.84
3813.84
3813.83
3813.84
3813.84
3813.84
3813.84
3813.84
3813.84
3813.84
3813.84
3813.84
3813.84
3813.84
3813.84
3813.84
3813.82
3813.43
3813.58
3813.38
3813.38
3813.38
3813.38
3813.38
3813.4
3813.38
3813.38
3813.38
3813.38
3813.38
3813.38
3813.37
3813.38
3813.24
3813.56
3813.37
3813.38
3813.37
3813.22
3812.97
3812.75
3799.82
3791.37
3796.86
3802.98
3779.68
3779.65
3779.76
3779.68
3779.68
3779.68
3779.68
3779.68
3779.68
3779.68
3779.68
3779.78
3779.67
3779.67
3779.68
3779.67
3779.68
13674.8
5270.14
3432.26
2956.68
2668.85
5071.3
4876.9
3809.75
3174.97
2668.86
2668.85
2668.86
2668.85
2668.86
2668.85
2668.85
2668.85
2668.86
2668.85
2668.85
2668.85
2668.86
2668.85
2668.86
2668.85
2668.87
2668.84
6825.68
3408.95
2899.26
2501.01
2473.9
2869.09
2525.85
2495.03
2473.94
2473.88
2473.87
2473.91
2473.92
2473.9
2473.92
2473.88
2473.89
2473.9
2473.93
2473.89
2473.9
2473.88
2473.93
2473.89
2473.92
2473.9
2474.02
2473.75
2473.91
2473.89
2473.88
2473.91
10265.2
6371.43
5095.4
3192.89
4028.1
2743.41
2524.8
2469.97
2453.51
2453.5
2453.51
2453.51
2453.51
2453.41
2453.53
2453.51
2453.51
2453.51
2453.51
2453.4
2453.78
2453.51
2453.51
7584.93
2760.52
2532.69
2473.09
2457.07
2454.11
2453.9
2453.35
2453.35
2453.35
2453.35
2453.35
2453.35
2453.35
2453.35
2453.35
2453.35
2453.35
2453.35
2453.35
2453.35
2453.35
2453.35
2453.35
2453.35
2453.35
9634.24
6218.39
3374.94
2940.05
2640.97
2517.03
2474.24
2458.6
2454.87
2454.28
2453.93
2453.35
2453.35
2453.35
2453.35
2453.35
2453.35
2453.35
2453.35
2453.35
2453.35
2453.35
2453.35
2453.35
2453.35
2453.35
2453.35
2453.35
2453.35
2453.35
2453.35
2453.35
2453.35
2453.35
2453.35
2453.35
2453.35
2453.35
2453.35
2453.34
2453.34
2453.34
2453.34
2453.21
2453.15
2453.61
2453.39
2453.31
2453.65
2453.5
2453.65
2453.75
2453.47
2453.15
2453.15
2453.15
2453.21
2453.15
2453.15
2453.15
2453.21
2453.15
2453.15
2453.15
2453.21
2453.15
2453.21
2453.15
2453.15
2453.15
2453.21
2453.15
2453.15
2453.14
2453.31
2453.15
2453.15
2453.5
2453.31
2453.21
2453.15
2453.15
2453.15
2453.15
